Starting iteration
E0:-4.69220628114956e-05,0.0435158363050031,0.280428641441303,0.000147731353047001
V0:4.98416829923535e-06,0.000282807736059087,0.0740979536659086,2.89977569317586e-06
T0:-9.41422118885798,153.870742403989,3.78456661172715,50.9457863912239
P0:5.77660893111518e-21,0,0.000154842827910186,0
Iteration:1
E:-4.40211602349968e-05,0.0435922318549983,0.555396707403304,0.000132539224531899
V:4.64023437661486e-06,0.0003110347095389,0.0667784973784051,2.29291141009135e-06
T:-9.48683981499897,140.152306215671,8.31699917199557,57.8039011662551
Iteration:2
E:-4.19316371984072e-05,0.0436479923581361,0.563030147251496,0.000131423136389652
V:4.48976802766035e-06,0.000306880020332134,0.0656469647980249,2.26961951657258e-06
T:-9.33937721059903,142.23145681135,8.5766363910923,57.9053605373104
Iteration:3
E:-4.07374574644943e-05,0.0436659163851618,0.557082940279813,0.000131400474607965
V:4.47852734283861e-06,0.000306870241412452,0.0656207898808301,2.26873892713426e-06
T:-9.09617254645894,142.294398388641,8.48942753190715,57.9178472394541
Iteration:4
E:-4.01017202805844e-05,0.0436705735878493,0.553937991865098,0.000131418889083868
V:4.47049192481475e-06,0.000306870064262222,0.0656366466809045,2.26867509174078e-06
T:-8.97031489040127,142.309656997147,8.43946209741781,57.9275937582712
Iteration:5
E:-3.97404174663694e-05,0.0436686837610759,0.552459508272406,0.000131439629655066
V:4.46952193383997e-06,0.000306941500139162,0.0656519434260024,2.26892226574675e-06
T:-8.89142464331228,142.270379669342,8.41497569519924,57.9304243425925
Iteration:6
