Starting iteration
E0:-2.53525929797674e-05,0.0444741838375463,0.138351346897549,0.000141451731210345
V0:3.66488999695003e-06,0.000263160027942902,0.0597876182444891,2.4878569876386e-06
T0:-6.91769548359326,169.000528633459,2.31404680366744,56.8568578954399
P0:4.81772884147546e-12,0,0.0206815382811321,0
Iteration:1
E:-2.42415978787182e-05,0.044561527979457,0.452095817944496,0.000124851966602707
V:3.27992051457338e-06,0.000298286069173183,0.052228388861624,1.96628454980908e-06
T:-7.39091016718473,149.391917976514,8.65613180491356,63.4963879540373
Iteration:2
E:-2.28170655337288e-05,0.0446310605747818,0.468123459065723,0.000123515832397465
V:3.11991031200175e-06,0.000293590020442984,0.0507816359768676,1.94127087561253e-06
T:-7.31337226136134,152.018316247399,9.21836112721861,63.626273875093
Iteration:3
E:-2.19309579669565e-05,0.0446637794494163,0.464093578312273,0.000123446816907227
V:3.10986636249993e-06,0.000293488998251693,0.0507141229419286,1.94040227217584e-06
T:-7.05205800204446,152.182125106827,9.15117035236307,63.6191879783782
Iteration:4
