Starting iteration
E0:-3.29603604347322e-05,0.0439244669565844,0.219057143031739,0.000141985220008757
V0:3.98192498501545e-06,0.000259955233684308,0.0605452232448255,2.56749328472873e-06
T0:-8.27749406600242,168.969350353325,3.6180747430056,55.3011066682336
P0:1.39073329747966e-16,0,0.000298023158836749,0
Iteration:1
E:-2.96349514685303e-05,0.0440550978238769,0.523385555462966,0.000124927637385105
V:3.40888339440212e-06,0.000291390480415784,0.0519957526471528,1.99680072724288e-06
T:-8.69344827611151,151.189214421195,10.065929019524,62.5638981800659
Iteration:2
E:-2.6570905162561e-05,0.0441379084333588,0.529440804343878,0.000123490044388445
V:3.22362967429878e-06,0.000286694167192486,0.050506258894925,1.96847192949897e-06
T:-8.24254267616544,153.954678832809,10.4826771162233,62.7339625919261
Iteration:3
E:-2.46691630313831e-05,0.0441698183375748,0.519831664480606,0.000123367053504
V:3.20763069570985e-06,0.000286571681893338,0.0503916272814555,1.96592094390089e-06
T:-7.69077408580034,154.131832028033,10.3158340487232,62.752804931824
Iteration:4
E:-2.35278701722509e-05,0.0441788051225149,0.513727593568873,0.00012335204956121
V:3.20396083659082e-06,0.000286626684968833,0.0503677062455418,1.96517430098342e-06
T:-7.34337008853259,154.133608066949,10.1995431569677,62.7690121428323
Iteration:5
E:-2.29018693899315e-05,0.0441833936534787,0.510299432112532,0.000123341992725457
V:3.19744545701401e-06,0.000286554639008872,0.0503559084414207,1.96469088026288e-06
T:-7.16255201154199,154.18837331093,10.1338541574752,62.7793379429511
Iteration:6
