Starting iteration
E0:-2.84510263170957e-05,0.044583798967663,0.132867056030547,0.000142657748133449
V0:4.99078504732961e-06,0.000282637832998124,0.0710850235139758,2.76809669465298e-06
T0:-5.7007116209741,157.7417944892,1.86912867806007,51.536403482225
P0:1.22684361125511e-08,0,0.061634074681055,0
Iteration:1
E:-2.73275252159667e-05,0.0446405606698677,0.426860823586537,0.000127359090650485
V:4.38875028152059e-06,0.000325594862570902,0.064042887449239,2.21114783816752e-06
T:-6.2267213814905,137.104622343808,6.66523388604037,57.5986320100755
Iteration:2
E:-2.65086362978548e-05,0.0446605679404439,0.451679230068095,0.000126139429176378
V:4.16359766821541e-06,0.00032060377294353,0.0621835731443534,2.1880454534108e-06
T:-6.36676221149313,139.301442183309,7.26364226480783,57.6493641755695
Iteration:3
E:-2.60219412512076e-05,0.0446661000825698,0.453071054526632,0.000126133212534502
V:4.14565135673491e-06,0.000320587510015221,0.0621273585008651,2.18798907290797e-06
T:-6.27692466442771,139.325765000792,7.29261738241008,57.6480084367438
Iteration:4
E:-2.57481089339112e-05,0.0446673651237911,0.453045852312371,0.000126183744145743
V:4.14272180338588e-06,0.000320723573482952,0.062165203338162,2.18882576712243e-06
T:-6.21526381831071,139.270601904058,7.28777238687572,57.6490582489956
Iteration:5
