Starting iteration
E0:-5.29137694465654e-05,0.0429728441365937,0.382874312334637,0.000146739261239234
V0:4.62922529476386e-06,0.0002739536937153,0.0697326170508264,2.86143811589976e-06
T0:-11.4303724872532,156.861707370342,5.49060581012713,51.2816476525799
P0:4.33377115551443e-30,0,4.09323954189812e-08,0
Iteration:1
E:-4.80791329832708e-05,0.043127170299021,0.673857400121761,0.000129591279319955
V:4.17196730490688e-06,0.000294392567287602,0.0606306318698902,2.21044631196913e-06
T:-11.5243312014268,146.495445507932,11.1141411418542,58.6267481902836
Iteration:2
E:-4.42941212808515e-05,0.0432417256944606,0.668650908570342,0.000128165579640954
V:3.9568718987999e-06,0.000289184055766833,0.0589446159606033,2.17980596351127e-06
T:-11.1942267563137,149.530117003844,11.343714734137,58.7967836524781
Iteration:3
E:-4.20740397596152e-05,0.0432865245927807,0.654254169222199,0.00012802610322458
V:3.93307205832791e-06,0.000288939580285302,0.0587740237028678,2.17610713986105e-06
T:-10.6975003599355,149.811682255644,11.1316892736455,58.8326286327769
Iteration:4
E:-4.07579352165795e-05,0.0432957273747817,0.646257712368481,0.00012799839110394
V:3.92603825658691e-06,0.000288934851638761,0.0587288373792612,2.17492113030645e-06
T:-10.3814411762794,149.845984758225,11.0040951125093,58.8519690761864
Iteration:5
E:-4.00242099600691e-05,0.0432983867460516,0.641868398484149,0.00012799820265038
V:3.92264994608556e-06,0.000288969160023207,0.0587083352025062,2.17433020562594e-06
T:-10.2033601035467,149.837396982344,10.9331732243831,58.8678767922153
Iteration:6
