Starting iteration
E0:-4.0668177439376e-05,0.0437955120808474,0.173929872177681,0.00015183507230158
V0:1.97684772874319e-05,0.000456017952349583,0.229784997091548,4.59615794098246e-06
T0:-2.05722357104517,96.039008673224,0.756924404896575,33.0352164245086
P0:0.039721708471772,0,0.449134423310876,1.13570428430019e-214
Iteration:1
E:-4.14953785734892e-05,0.0440391132752956,0.578195647417871,0.000130491519665395
V:1.49372503381983e-05,0.000468044685299731,0.179316829114493,3.46956493835987e-06
T:-2.77797972411127,94.0916853848974,3.22443604581417,37.6103407728926
Iteration:2
E:-4.1200939226631e-05,0.0442776695836686,0.590773304172629,0.000128602955537931
V:1.39639952759181e-05,0.000460358742554448,0.169968605577484,3.39600455679274e-06
T:-2.95051225759758,96.1807944343139,3.47577896615333,37.8688995810378
Iteration:3
E:-4.09542089500583e-05,0.0444104375159377,0.579418014964659,0.00012842958572586
V:1.39104574926603e-05,0.000460346692730464,0.169494324813638,3.39128505059398e-06
T:-2.94413098718481,96.4717205906815,3.41850982681421,37.8704779485776
Iteration:4
E:-4.08097298442148e-05,0.0444809316166712,0.571905668368188,0.000128392126771266
V:1.39044417115051e-05,0.000460420993616447,0.169447180626767,3.3902544493912e-06
T:-2.93501391073092,96.6092602930394,3.37512649223651,37.8709411602783
Iteration:5
E:-4.0722781542295e-05,0.0445186706077064,0.567577275319579,0.0001283737601054
V:1.39030745252536e-05,0.000460468336658879,0.169438484268898,3.38979488639063e-06
T:-2.92904864088341,96.6812852556383,3.34975420589124,37.8706571954532
Iteration:6
E:-4.06669313792025e-05,0.04453926366307,0.565045343528396,0.000128362576355907
V:1.39026747616817e-05,0.000460493895293563,0.169436773295857,3.38954130517867e-06
T:-2.92511563971042,96.7206386844203,3.33484480692843,37.8701909192816
Iteration:7
