Starting iteration
E0:-3.03728747026822e-05,0.0442803133287515,0.0882928979255572,0.000147489011224679
V0:8.03694978835029e-06,0.000314405543296099,0.0957943315097979,3.32090490475973e-06
T0:-3.77915446811777,140.838208081622,0.921692301976412,44.4122958815497
P0:0.000158617537285001,0,0.356719618899221,0
Iteration:1
E:-3.00501066351446e-05,0.0443928146446359,0.397433948333386,0.000131351733651044
V:6.78454993782406e-06,0.000369834810984665,0.0813038180536747,2.56455053108716e-06
T:-4.42919676478677,120.034170191936,4.88825688445542,51.2182279346085
Iteration:2
E:-3.09836606686358e-05,0.0444307463686092,0.435042054747939,0.000130066554955021
V:6.52253487936531e-06,0.000365809273702752,0.0792659141496106,2.53576125527058e-06
T:-4.75024836841512,121.458775276191,5.48838752968669,51.2929025493539
Iteration:3
E:-3.16777374605381e-05,0.0444456602400967,0.444727895802359,0.000130053700697743
V:6.50916786973658e-06,0.000365793384048841,0.079304059009666,2.53643548960484e-06
T:-4.8666339683478,121.50482260817,5.60788314439432,51.2742000459882
Iteration:4
E:-3.19960643324796e-05,0.0444445816949363,0.449259230485225,0.000130123576943723
V:6.52387746823757e-06,0.000366115426198523,0.0794194058554179,2.53829423213612e-06
T:-4.90445513243573,121.394998720531,5.65679415057696,51.2641817864498
Iteration:5
E:-3.22819211447697e-05,0.0444478493855939,0.45241859135659,0.000130150163734181
V:6.51545053581333e-06,0.000366032985902621,0.0794731126920447,2.53887017994072e-06
T:-4.95467212395004,121.431267392439,5.69272520015285,51.2630243021014
Iteration:6
