Starting iteration
E0:-4.08859054348979e-05,0.0432422207149163,0.194546973150319,0.000150244542628759
V0:8.81205116058357e-06,0.000311713607315349,0.10153659365371,3.51904506009263e-06
T0:-4.63977168196448,138.724199714419,1.91602816432686,42.694691333337
P0:3.55027758002722e-06,0,0.0554014885665163,0
Iteration:1
E:-3.88374871765223e-05,0.0433212621710232,0.545936750512496,0.000131436011335556
V:7.19422057536657e-06,0.000358663320085536,0.081942774473596,2.61947146505075e-06
T:-5.39842874841844,120.785315210632,6.66241476468936,50.1765386984315
Iteration:2
E:-3.82440196563428e-05,0.0433642419840716,0.577403152414817,0.000129860889540401
V:6.82322117819911e-06,0.000353521131070017,0.0793190629648991,2.58013897440618e-06
T:-5.60498020766736,122.663790571215,7.27950042312444,50.3309669861055
Iteration:3
E:-3.7895386141104e-05,0.0433744316857738,0.58024760137576,0.000129824344343601
V:6.8072239477226e-06,0.000353404712593765,0.0793397289450149,2.58003368513265e-06
T:-5.56693689411851,122.73303139461,7.31345580696263,50.3188563357561
Iteration:4
E:-3.77258789810407e-05,0.0433767022015697,0.581184132332993,0.000129864373415461
V:6.79825841023531e-06,0.000353247359534192,0.0794194339096909,2.58072501384058e-06
T:-5.54934465630807,122.794130036154,7.3179082715934,50.3208876261481
Iteration:5
E:-3.75973726970407e-05,0.0433737084067402,0.581638961354571,0.000129900018088822
V:6.80019530971001e-06,0.000353286282493912,0.0794808216973552,2.58150094964626e-06
T:-5.52886659642781,122.772127184099,7.31797871402637,50.319570134817
Iteration:6
