Starting iteration
E0:-2.37631727813645e-05,0.0428715671898285,0.235214226375554,0.000144814112857278
V0:2.0599256780879e-06,0.000214407704495482,0.0540878842719674,2.33024291276977e-06
T0:-11.5359369680863,199.953482505252,4.34874148881176,62.145500824697
P0:1.13619054629737e-30,0,1.37732009534031e-05,0
Iteration:1
E:-2.65012006924123e-05,0.0434100602934726,0.552207461430697,0.000126749808248033
V:1.57720907887833e-06,0.000242051774731335,0.0447917043703664,1.75224265566049e-06
T:-16.8025920262006,179.342045071371,12.3283422498214,72.3357623092765
Iteration:2
E:-2.72121732064758e-05,0.0437478521762336,0.55399994949336,0.000125191275088833
V:1.50707006820047e-06,0.000238419468742266,0.0434790401281067,1.72291604777577e-06
T:-18.0563424227307,183.491106691147,12.7417704682775,72.6624348588843
Iteration:3
E:-2.75036205019832e-05,0.0439109696172292,0.544116806996854,0.000124959445814836
V:1.49876079090808e-06,0.000238078720933028,0.0433472962616226,1.71889705885828e-06
T:-18.3509074088595,184.438867300457,12.5524970164884,72.6974574602135
Iteration:4
