Starting iteration
E0:1.3735368296945e-05,0.0405137314975016,0.180339378682542,0.000135102139501021
V0:1.43903954067553e-05,0.00038088778946452,0.206208503993691,4.96494591018924e-06
T0:0.954481646174719,106.366579917038,0.874548697991908,27.2112006746658
P0:0.339897457122255,0,0.381871912468337,9.13451901287832e-150
Iteration:1
E:-2.10903650925247e-06,0.0423344882076802,0.51604105547878,0.000118717594873749
V:9.01055692002564e-06,0.000486499573115786,0.13664396810675,3.32202493938147e-06
T:-0.234062836289864,87.018551602315,3.77653739589614,35.7365152399649
Iteration:2
