Starting iteration
E0:0.00029368206797797,0.0449204464219262,-5.46886632440094,0.000113359832644916
V0:0.000109042981410687,0.00221575240941176,1.94795150583746,8.0296205423499e-06
T0:2.69326887598459,20.2732246757894,-2.80749613530536,14.1177073121989
P0:0.00722495065381757,5.9897155488466e-74,0.00511540603970243,1.54801568886379e-40
Iteration:1
E:0.000451692626899578,0.0412763662429453,-7.85929987952758,9.4737023445245e-05
V:0.000115468502335084,0.00258716262722962,2.02851915074718,6.93785924980472e-06
T:3.91182545685738,15.9542990488947,-3.87440260380717,13.65508005195
Iteration:2
E:0.000507735055448209,0.0402513891954213,-8.8133801303787,9.2177003570091e-05
V:0.000114882281769149,0.00260092212849649,2.01388706505675,6.80294544298283e-06
T:4.41961151562502,15.475814809838,-4.37630306252071,13.5495726582918
Iteration:3
E:0.000523881658775927,0.0399929871006665,-9.09700023515416,9.16395627231208e-05
V:0.000115000812442762,0.00261138126558661,2.01474520382358,6.78858582962704e-06
T:4.55546050195666,15.3148786152767,-4.51521126239184,13.4990651989967
Iteration:4
